821
832
245
631
735
738
473
849
360
844
891
562
979
695
39
343
901
326
96
525
309
817
230
502
952
15
161
852
57
728
11
875
370
77
769
557
846
996
33
266
719
971
504
824
890
975
977
128
683
513
616
547
622
653
541
734
954
754
555
448
885
611
663
269
835
649
97
712
356
855
765
698
645
246
713
194
287
86
17
853
597
633
365
288
255
177
945
463
856
582
531
866
214
315
665
648
163
145
505
690
460
205
711
727
925
558
491
253
340
837
231
53
437
389
924
955
1000
358
774
596
508
40
579
490
1
851
353
133
755
642
710
544
722
758
285
904
753
907
815
577
778
965
32
51
724
680
197
930
257
810
654
947
254
524
886
509
242
174
424
623
50
488
47
801
342
982
794
110
740
78
318
384
805
548
142
978
295
905
935
94
619
109
409
38
419
678
405
858
780
26
902
913
679
2
684
634
85
44
823
143
741
675
107
335
28
693
567
275
785
270
320
72
766
188
871
55
926
476
400
842
111
58
751
666
743
569
510
480
189
762
307
302
124
658
757
235
489
748
539
222
221
317
387
584
981
112
92
944
533
782
366
462
732
195
216
784
585
475
368
880
281
993
420
398
14
348
708
847
442
937
338
749
286
240
536
165
656
319
180
289
676
516
457
362
399
872
661
906
836
394
466
723
415
792
65
546
60
878
328
888
551
668
606
745
331
694
454
347
167
484
95
268
371
646
150
244
401
291
461
339
130
550
239
393
883
630
659
73
390
113
916
566
652
48
865
917
718
495
333
908
241
869
136
923
839
207
912
660
159
395
164
116
392
887
608
233
603
82
299
940
441
260
438
816
487
807
322
483
306
970
798
20
228
330
553
200
820
121
34
640
909
29
545
151
100
980
775
635
931
617
247
809
225
212
276
496
655
763
408
277
840
294
563
521
141
613
677
45
756
146
517
357
445
941
10
176
870
206
436
388
565
297
773
987
36
134
376
280
932
768
920
650
181
651
717
172
68
249
507
812
697
361
725
919
298
894
688
759
192
117
554
102
877
833
293
226
414
506
632
802
349
530
873
620
910
938
638
213
983
859
311
131
56
529
63
354
201
949
350
726
578
808
278
767
514
889
284
425
468
503
303
397
417
637
67
760
863
829
850
6
685
494
69
162
267
806
351
538
999
716
210
352
543
682
790
334
452
432
929
702
686
35
227
527
826
570
950
229
407
519
974
120
602
403
324
31
64
30
105
410
992
647
976
737
595
144
217
831
211
119
198
379
610
101
137
66
169
443
860
215
154
433
848
412
155
921
927
643
786
609
190
423
715
985
957
208
126
729
453
956
422
750
42
256
779
876
781
91
175
512
479
892
571
367
406
450
946
700
673
43
455
822
897
900
739
416
312
791
862
499
332
828
427
21
90
125
586
934
46
787
667
413
825
25
157
704
657
380
515
485
701
564
811
103
199
325
283
345
62
70
707
99
537
674
561
612
52
446
568
166
12
492
23
706
108
518
148
310
967
627
478
139
830
963
439
83
819
559
747
272
881
915
497
845
624
795
626
313
803
364
79
477
587
106
271
972
986
607
625
18
589
74
219
259
89
814
160
556
344
968
314
692
258
264
187
386
813
224
942
523
532
156
372
449
614
75
951
375
998
772
4
520
204
184
671
864
777
800
771
522
804
486
615
528
458
248
444
19
304
966
549
411
594
590
168
382
670
691
308
27
960
81
629
261
191
621
127
721
429
373
895
681
994
170
742
857
984
252
574
618
583
185
605
593
588
431
337
435
664
796
87
464
899
969
752
182
628
598
346
672
220
788
465
274
472
238
71
714
959
893
874
988
592
383
378
173
882
482
153
115
669
7
265
8
41
426
179
22
236
481
292
746
149
377
744
279
903
402
867
838
943
251
202
939
218
24
316
501
341
600
827
552
911
305
223
573
196
381
122
493
604
296
374
689
456
511
385
440
962
705
914
355
93
474
834
428
300
323
447
147
84
118
783
321
990
430
599
526
203
98
733
703
418
964
639
761
591
936
636
467
140
534
327
359
273
933
973
471
535
186
961
922
918
560
250
843
104
129
540
696
572
861
997
799
391
687
232
498
991
396
581
500
16
995
369
542
290
958
329
576
731
884
158
575
237
662
336
193
699
898
770
736
641
263
301
37
404
459
841
989
3
793
868
183
896
13
88
764
49
243
80
948
854
59
776
5
54
178
262
76
451
601
282
209
644
9
818
434
135
421
469
61
580
171
114
879
363
123
234
720
152
709
789
730
138
953
470
797
132
928
