--- Day 7: Camel Cards ---
642
769
365
161
996
901
544
255
110
51
525
665
954
824
675
424
740
491
891
128
246
619
924
370
853
695
663
774
680
734
842
982
871
33
288
174
648
360
343
473
320
971
805
785
194
17
722
679
285
32
821
738
758
266
356
849
855
735
794
562
952
684
623
907
846
616
866
177
509
28
810
765
653
96
817
801
541
142
633
318
596
597
242
710
77
11
326
683
712
502
979
875
448
835
555
340
245
832
885
57
844
85
547
205
778
257
295
86
50
504
935
94
713
631
622
582
567
275
460
611
531
693
579
44
905
409
975
513
39
1000
557
335
945
947
1
254
38
727
78
955
490
111
856
508
524
107
197
925
728
15
690
214
309
270
852
230
163
505
711
315
145
858
851
269
358
977
353
53
890
97
253
231
719
389
754
649
40
133
400
476
926
109
645
698
287
766
143
2
558
72
741
463
755
437
837
913
26
930
678
902
577
886
780
188
548
753
724
488
815
654
634
978
904
342
965
384
419
47
405
55
823
510
569
757
539
216
536
58
150
189
546
408
748
299
981
666
980
206
180
762
658
249
545
635
697
317
281
880
65
732
73
585
495
533
613
944
146
277
235
650
461
222
392
782
656
415
200
286
553
34
630
937
338
192
457
759
466
888
366
328
14
661
676
723
906
60
550
393
307
121
480
398
745
221
584
348
240
445
694
751
484
347
167
268
10
113
239
917
916
659
847
566
865
20
225
883
151
652
390
141
840
932
768
646
651
993
668
241
362
387
606
869
331
454
908
923
839
260
912
181
660
116
507
877
608
244
970
462
749
112
136
442
516
394
563
870
233
306
940
798
438
816
441
95
640
655
29
399
330
92
809
207
708
319
909
164
820
775
276
289
931
68
617
124
743
763
475
718
45
294
836
677
436
159
388
496
521
756
565
36
117
517
302
195
297
941
130
395
371
792
487
987
176
134
773
872
812
368
298
228
807
357
784
165
489
376
48
833
82
887
100
878
172
322
920
280
725
717
361
919
603
247
551
291
339
420
212
483
401
688
333
894
102
554
506
293
873
620
198
63
416
889
760
850
974
422
638
211
452
119
897
729
802
530
433
983
226
414
284
503
425
455
685
354
468
201
208
750
859
632
349
432
311
578
303
602
985
571
21
956
790
910
131
69
779
921
101
154
938
514
64
876
350
767
56
702
726
808
352
686
397
210
227
848
946
791
529
637
67
682
570
417
66
586
863
976
737
806
716
543
6
407
538
229
351
494
786
609
479
999
332
213
155
278
35
950
829
826
443
144
715
929
31
30
992
105
647
643
831
137
215
427
367
406
673
169
949
610
410
162
595
334
860
403
217
379
957
892
90
787
527
412
120
700
927
450
126
453
91
42
512
267
324
256
190
781
175
934
667
43
900
862
519
423
499
828
822
739
46
312
125
485
380
701
811
103
325
825
564
515
915
314
283
532
657
79
966
89
345
707
62
52
99
23
446
70
477
626
706
612
674
549
721
819
492
537
478
83
830
518
803
796
139
108
804
272
497
845
747
106
594
413
313
587
795
18
364
972
259
986
607
589
704
219
271
74
344
994
556
261
170
969
692
968
224
264
258
187
386
486
942
568
449
614
156
372
559
864
998
691
75
951
772
777
4
520
204
375
670
157
25
166
148
561
742
522
439
528
615
771
248
444
19
310
967
627
881
27
800
752
458
304
199
238
12
813
308
191
168
590
382
960
411
81
127
629
598
220
857
373
624
625
984
895
160
814
681
523
574
184
252
583
429
605
618
185
472
588
593
337
963
435
431
464
671
664
899
628
621
346
788
87
182
672
465
274
71
173
669
959
893
592
84
882
440
118
98
115
7
714
179
292
402
24
8
236
534
481
265
149
867
746
744
903
943
202
939
838
501
316
600
273
552
911
482
305
573
323
223
196
493
604
251
296
341
874
381
41
122
374
511
456
639
988
426
962
705
385
377
914
355
990
93
761
153
834
428
827
689
447
300
430
147
591
973
22
783
383
321
599
526
703
964
936
378
203
733
418
474
140
279
218
933
471
636
467
327
359
535
922
560
250
129
572
186
961
104
918
540
9
861
391
498
232
991
59
818
789
997
396
542
290
581
16
404
776
995
369
958
576
329
884
799
500
336
575
699
158
88
237
662
193
770
898
263
641
301
736
459
841
989
37
793
183
868
3
843
687
13
896
764
80
5
54
178
262
854
76
451
469
601
282
49
209
644
731
434
135
243
61
421
696
720
363
171
114
879
123
234
152
730
948
797
580
132
709
953
470
138
928
